actual_score_mean :8.15723699159282
predict_score_mean :7.725928391716431
actual_score_mean_withoutdrop :8.390530612244897
predict_score_mean_withoutdrop :7.312480453398141