actual_score_mean :8.223689320388349
predict_score_mean :6.966182309587365